0.9989002713637327
0.99889777899186
0.9988198145950073
0.9988997309132341
0.9988999450449877
0.9989002302792884
0.9988987358884941
0.9988999444207688
0.9988999255008405
0.9989001881790256
0.9988906089224598
0.9989000808885595
0.9988997114297727
0.9988992145843415
0.9989003932381288
0.9988999166251754
0.9989005459798421
0.9988990831565574
0.9988947807854438
0.9988988709540846
0.9988437135373693
0.9988924549782533
0.9988550083428624
0.9989003390407273
0.9988998390681498
0.9989003778188417
0.9988999755583902
0.9988936791607627
0.9988962323796606
0.9988979773813934
0.998897296273412
0.9989004393676136
0.9988989798059958
0.9989005332708706
0.9989001644262568
0.998684889070287
0.9988505264506925
0.9988991633680152
0.9988983030062202
0.998898323205697
0.9988987473068971
0.9988986472482958
0.9989006772150515
0.9989004874285904
0.9988997186832352
0.9988990971175353
0.9989001735584905
0.9988993139361853
0.9989006675418666
0.9989005085073899
0.9988945811465071
0.9988988451955515
0.9988985059115176
0.9988998034984243
0.998899175400713
0.9988896827909575
0.998898229473218
0.9988999969902087
0.9988977749510033
0.9988970716632085
0.9988982407806376
0.9988898629860247
0.9988994509864454
0.9988986410944036
0.9989000159825748
0.9988992494132348
0.9989003736405592
0.9989001518354331
0.9989002956154653
0.9988996288099846
0.998898985744702
0.9989005685620335
0.9988996914535401
0.9989005251032885
0.9988998136435846
0.9989005323038064
0.9988989407644502
0.9989003555707602
0.9989001008112199
0.9989000065142628
0.9988986722706393
0.9988931387800419
0.9988999380537873
0.9989000043725407
0.9989006960537002
0.998899506093803
0.9988996471095906
0.9988977035637754
0.9988877196284205
0.9988977798928624
0.9988976644050562
0.9988997761760223
0.9988778827106762
0.9989006065541959
0.9987344038318517
0.9989003292080787
0.9988992937518216
0.998900336615312
0.9988990576991925
0.9988952812138348
0.9989006639802549
0.9988996135628525
0.9988999700437055
0.9988994546002231
0.9989005007657209
0.9988955575810089
0.9988995181234093
0.998897523141578
0.9989001455679384
0.9988836615414923
0.9989004917787366
0.9988996181153554
0.9988995243418068
0.9988991860307521
0.9989000634577685
0.9988973785010461
0.9988972699061742
0.9988996854439361
0.9989000761113747
0.9989002034401246
0.9988988346017356
0.9988979310923807
0.9989007296458543
0.9988839513601414
0.998899465714016
0.9988974277378304
0.9988904706183462
0.9988997776427462
0.9989003723658108
0.9988990548461343
0.9989002871212145
0.9989008116493491
0.9988977864135572
0.998897746538804
0.9988997774622845
0.9988990172036741
0.9989004104212651
0.9989002728119055
0.9989003863324333
0.9989006842131396
0.9988941315440797
0.9989007102494137
0.9988975433397168
0.9988999195619657
0.9989001337550955
0.9988688163248156
0.9988926086000551
0.9988982841758537
0.99890074847538
0.9988652284520828
0.9989006321477891
0.9989002710672232
0.9988995044696536
0.9988985876907336
0.9989006790945187
0.9988977942049576
0.998899945448014
0.9989007505347208
0.9988912609942353
0.9970924088406612
0.9988987352660691
0.9988925831537645
0.9988963659604062
0.9988989477325153
0.9988985828884762
0.9989003036119612
0.9989004536626106
0.9988869469440318
0.9989005738711172
0.998894532220533
0.9988965909952409
0.9988904349298178
0.9988987851758997
0.998899906175296
0.9988992457314367
0.9989001822128799
0.9988836360646196
0.9989003136569099
0.9989001367655235
0.9989007396807617
0.9989004144325145
0.9988978543449375
0.9989004692347374
0.9989005471660206
0.9988989791553461
0.9988996311591124
0.9989005259735554
0.9989005661190967
0.9988423110176825
0.9989003025490593
0.9989007729804513
0.9989000898926361
0.9988991470667273
0.9989008225691154
0.9988996771368435
0.9989007923962689
0.9987682969668166
0.9988854934055773
0.9988961552142935
0.9988610484424099
0.9989000487330996
0.9988993652099459
0.998898731670704
0.9989002668844742
0.9988956836947863
0.9989005574282239
0.9988952153523156
0.9989006150304334
0.9989008305637146
0.9988998594832347
0.9988984376944504
0.9989006334593735
0.9988970916181351
0.9989005968128406
0.9988381095994394
0.9988991349759289
0.998900558566474
0.998900535050085
0.9988894590164348
0.9988996857689924
0.9989007873164385
0.998900832629197
0.9988353564043265
0.9988995560915105
0.9989002508528667
0.9988988037231444
0.9988993334458097
0.9988994883003693
0.9988984963436593
0.9989004264836127
0.9989006292635888
0.9988888313530605
0.9989002893885478
0.9988993539496571
0.9988973588548576
0.998900435273468
0.9988863911195481
0.9989004272091271
0.9988994328229087
0.998898424203417
0.9988202286944188
0.9965323440637005
0.9989007211115638
0.99890041831407
0.9989006067813894
0.9988973693109734
0.9989004574740779
0.9978737769997614
0.9988969300487641
0.998893232227253
0.9988972538703438
0.9988958945317034
0.9988918963713966
0.9988975275285096
0.9988973789643325
0.9988998656496373
0.9989000109478113
0.998899032783208
0.9988990958560978
0.9988992116501227
0.9989005734955791
0.9988921703479705
0.9988997633287242
0.9988998517650787
0.9989002899384535
0.9989001491246988
0.9988575558553693
0.9988839825321874
0.998898790988211
0.9989000581022169
0.998899907047192
0.9988979474245304
0.9989007187065296
0.9989007363820155
0.9988793896171656
0.9988990072282703
0.9988987926988873
0.9988972614715689
0.9988950941662846
0.998898283254251
0.9988952727091079
0.9989006978529632
0.9988997209788504
0.9989005209377505
0.9989006415437777
0.9988947138463354
0.9988996693563995
0.9988991051940577
0.9988925121170826
0.9988964084511616
0.9989005526381729
0.9989007963027091
0.9988985693560696
0.998900691801674
0.998900596570385
0.9988992041297113
0.9989003563991452
0.9989005924434302
0.9989005111357243
0.9988990274900874
0.9988997398636655
0.998899255236463
0.9987984500286351
0.9989003708573173
0.9988998844014368
0.9988933643372266
0.9988511193281353
0.9988941352014151
0.9988974229014624
0.9988996738938889
0.9988999018489984
0.9988994389084989
0.9988994488714816
0.9989003752239876
0.9988997348049863
0.998900321712725
0.9988952802249312
0.9988981987802035
0.9988980677550189
0.9989006009546422
0.9988798443462827
0.9988987388766395
0.9988458240848582
0.9988996982750156
0.998900020336787
0.9989003780250774
0.9988966157455116
0.9988962478151192
0.9988989703123856
0.9988513958826687
0.9978178595024632
0.9988996736888576
0.9988916269046585
0.9988966894419984
0.998790085305528
0.9988946560580425
0.9988954062800293
0.9988986111702056
0.998897432530989
0.9989000461447045
0.9983537466070901
0.9988994569211902
0.998889558551693
0.9988985928420445
0.9988047201664098
0.998865115491309
0.9988994643008337
0.9988965003110211
0.9989002998267984
0.9988997381057545
0.9989003235834001
0.9988989818333374
0.9988883108070077
0.9988565892084201
0.998547098046105
0.9988982220680307
0.9988991976391844
0.9988830922155341
0.9988999940171132
0.998893420539083
0.9988530792021879
0.998898331214722
0.9988986494982506
0.9988941840931076
0.9988966365775128
0.9989004024574232
0.9988995491035372
0.9989008021154003
0.9988975993588332
0.9988999271232868
0.9989007110590937
0.9988789629792678
0.9985004796668796
0.9988417628219536
0.9989004959924092
0.9989002892544764
0.9989003288071256
0.9988946350487927
0.9988958805531062
0.9989007151957872
0.9989004415298659
0.9988996411291754
0.9988992835883577
0.9989002863242091
0.9988978976017678
0.9989002904150059
0.9989002359480208
0.9988958677070471
0.9988980547929615
0.998890785118777
0.9988958019345027
0.9989001642126792
0.9988998830508129
0.9989006832195745
0.9989002677649164
0.9989006178026991
0.9988972275364283
0.998889082906579
0.9988995871509252
0.9988964397468595
0.998900568216619
0.9984566235111916
0.9988995722499255
0.9988991182409308
0.9988987967459849
0.9988873581915412
0.9988996243437981
0.9988972126586395
0.998864979735346
0.9989002812471196
0.998894014200791
0.9988922164320344
0.9989004355391874
0.9988997739837437
0.9988900941391361
0.9988980236819922
0.9988986311473524
0.9988854530738169
0.9988980997929162
0.9988454214177772
0.9983706627625417
0.998898125474801
0.9988949256475158
0.9988809286805579
0.9989001885061822
0.9988992343617411
0.9988979698546937
0.9989004909905743
0.9989004821413094
0.9988960061777262
0.9989007156997343
0.9989004793423599
0.9989003239132135
0.9989002965520805
0.998895119509472
0.9988999244724489
0.9988978977954769
0.9988966167940804
0.9989003355258905
0.9988976436038556
0.9988962496189842
0.9988986098294297
0.9988887342537361
0.9988988314473579
0.9988990038100927
0.9989006252442831
0.9989002372823181
0.99889665467407
0.9988945499652243
0.9988995553658779
0.9989006537745572
0.9989002873897758
0.9988963615708725
0.9988996795055012
0.9989001499570326
0.998692162802183
0.9988989758993466
0.9988988010028235
0.998840359679361
0.9988381542203009
0.9988749068941019
0.9987581058730809
0.9988885015281512
0.998820302324072
0.9981790143256326
0.9988954435107611
0.9988146300215811
0.9988995321117423
0.9986501519955827
0.9988973912968555
0.9987674268106556
0.9988423745094275
0.9989005442910824
0.9989005766150121
0.9988974735461348
0.9988956132742693
0.998894785110888
0.9988999458272163
0.99889939740294
0.9988997382190091
0.9988994965123529
0.9989000272081919
0.9988994949623479
0.9988996904481843
0.9989002263813221
0.9988986517120612
0.9988998797953184
0.9988961889442755
0.9988992698011894
0.998900077065806
0.9989002640767929
0.9988979864506524
0.9989004004562557
0.9988990797960058
0.9989000188535317
0.9989002516374784
0.99889879184928
0.9989003883718657
0.9988794102504335
0.9989005406227529
0.9988990095598277
0.9988999160764854
0.9988962160046929
0.9988943279748096
0.9988998210854095
0.9988658563817788
0.9988999601868568
0.9988984054152394
0.9988844734861247
0.9988928277342055
0.9989002658564731
0.9989001726848986
0.9989001946438458
0.998900346317496
0.9988986373742544
0.9988990693573763
0.9989004564949255
0.9988634964208057
0.9988770161437586
0.9988778672299686
0.9988976582701048
0.9989001098822783
0.9988708012176623
0.9988996762772778
0.9988998903227111
0.9988950955590499
0.9989005662641738
0.9988993957529683
0.9989007437486053
0.9989002893336175
0.9989001169553821
0.9989000879550668
0.9988653847119237
0.9989007336709705
0.998900771509306
0.998900249897711
0.9988976193488845
0.9989006147961614
0.9988999356491625
0.9988997830293229
0.9988986575813108
0.998900518956998
0.9989003661491882
0.9988552633358075
0.9988977424822607
0.9988286212186758
0.9988991377545645
0.9988990857344952
0.9989003009872761
0.998900040222356
0.9989004050154402
0.9989007886919051
0.9988816430259178
0.9988996485575324
0.9988978577003038
0.9989007579067875
0.9988997764999972
0.9988994404047288
0.9988942853231203
0.9987016439152789
0.9989005292291113
0.9989005871727864
0.9989002347762734
0.9989001759342574
0.998899652555119
0.9988096593539783
0.9988200383808198
0.9988945045021892
0.9988883243349891
0.998896211318101
0.9989006977275023
0.9988962458823359
0.9988877798301918
0.9988818641818201
0.9974069451275974
0.9989005578840827
0.9989004188763604
0.9989006055508262
0.998900545766138
0.9989003755673329
0.9989007533608503
0.9989005608591393
0.998899642381872
0.9988999658553199
0.9988945658836744
0.9989005805067571
0.9988986223317435
0.9989007078793226
0.9988974041505154
0.9988995716055561
0.9988999688465836
0.9988933165824583
0.9988972240900357
0.9988997903530122
0.9989003659039193
0.9989006743983941
0.9988999557295157
0.9988857270021624
0.998891737350519
0.998899357356541
0.9989003214012354
0.9988814503093746
0.9988995938907693
0.9988989316964391
0.9988997746034786
0.9989002792911031
0.9988930619543933
0.9989004833493387
0.998900340863027
0.9989005350113378
0.9988945058800806
0.9989005662970007
0.99889994536454
0.9988979064912817
0.9989002106045255
0.9988991061797384
0.998566370081795
0.9988991955710577
0.998899220000406
0.998900053381279
0.9988933918849728
0.9989004086759161
0.9989005720448669
0.9988877385803328
0.998899829812787
0.9988981936107241
9.072876075599818E-4
8.981995013336424E-4
8.974721068553492E-4
8.937419047037103E-4
8.981820240357925E-4
8.93853082576828E-4
8.90300706492666E-4
8.940992629654591E-4
8.996494641106777E-4
9.056662288939027E-4
8.911391655592723E-4
9.037066160004169E-4
9.20107161037075E-4
9.569881119752851E-4
8.924107478244336E-4
8.928827431079469E-4
8.950087042212031E-4
8.908719909807794E-4
9.168160214013391E-4
8.913205909347551E-4
8.906329967001591E-4
8.902267286451868E-4
9.886950870086118E-4
8.926007872922536E-4
8.968405078102295E-4
8.961238907600255E-4
8.91862254284111E-4
8.935021706894497E-4
8.927808246687398E-4
8.901652296127675E-4
8.90184236316972E-4
8.912424938660316E-4
8.916896799570732E-4
8.988955963356244E-4
8.983436893874114E-4
9.087758444481853E-4
8.92372423348978E-4
9.290536622146443E-4
8.98687217907187E-4
8.985378072746399E-4
9.078084763991533E-4
8.906819119995551E-4
8.918962013753922E-4
9.000083495698804E-4
8.994828655351317E-4
8.991073862937157E-4
9.264259427287414E-4
9.016607777893023E-4
9.122645826834792E-4
8.91967292405862E-4
9.209091186086608E-4
9.152801800733388E-4
0.0010113376839912787
8.938124237625578E-4
9.643362343923883E-4
9.14980400092764E-4
9.470467249744623E-4
8.920219267560071E-4
9.882931125176516E-4
8.958188953605596E-4
8.978705960406771E-4
8.932147177128958E-4
9.324394190470923E-4
9.121843303492674E-4
9.029793409646477E-4
8.899647646007793E-4
8.94717946342784E-4
9.151793076360869E-4
8.908744147227214E-4
8.937950531583964E-4
8.972915974986452E-4
8.914927591911143E-4
9.146165399274614E-4
9.186724499092654E-4
9.318901900698727E-4
8.903299111527068E-4
8.930700478360259E-4
8.919129125843458E-4
9.191842069541695E-4
9.290018826865346E-4
9.031459797444302E-4
9.749462229442972E-4
9.3138045147961E-4
9.882112849527072E-4
8.936932737667909E-4
9.114780329623333E-4
9.034323645625746E-4
9.188339600651758E-4
9.143942324765592E-4
9.066179836529156E-4
0.0013220861575387224
9.008546385789505E-4
9.040536910699135E-4
8.927635849561175E-4
8.955070541826602E-4
8.900807292224222E-4
8.899339889534354E-4
8.902767255098114E-4
8.904822353507506E-4
9.029088749810543E-4
8.93263229689554E-4
8.91562630108128E-4
8.922281511130643E-4
8.983928937598911E-4
8.909106311812716E-4
8.901554067070326E-4
8.906122648439627E-4
8.998622339043721E-4
8.933046264555574E-4
9.341575074408256E-4
9.123415439376791E-4
9.09277009461156E-4
9.08313721606725E-4
9.109512742896838E-4
8.944544212754467E-4
0.0013958479940364018
8.919090305843563E-4
8.930690555799219E-4
8.954046530836441E-4
8.945967705473904E-4
8.941252854441922E-4
8.948308178987724E-4
8.955303792876811E-4
9.165711646980898E-4
9.071880339541187E-4
9.910241709402215E-4
8.973625441867599E-4
9.34603476089501E-4
8.979141906385028E-4
8.904915852681201E-4
8.900051226778633E-4
9.148608652111363E-4
9.396692016107904E-4
9.077134124266469E-4
9.01721683530654E-4
9.070937636777587E-4
9.111853520393116E-4
9.155900673111056E-4
9.214523925829071E-4
9.612950735534325E-4
9.01276634741761E-4
8.98141315708776E-4
9.036988552812491E-4
9.053186674635296E-4
0.0010523971205839621
9.061658037294341E-4
8.904163381035537E-4
8.900332534440623E-4
8.91741585327807E-4
9.071839595766169E-4
8.975273666492292E-4
9.399605888453106E-4
8.906662492437977E-4
8.905973596557708E-4
9.170882123627716E-4
8.911158905665139E-4
8.927926253677103E-4
9.136422679614125E-4
8.909512581885153E-4
9.066904572729311E-4
9.497591214178875E-4
8.929285234941811E-4
9.9203954038786E-4
9.326921269181832E-4
8.911117903236613E-4
8.897761687070528E-4
9.284293709690758E-4
9.829888342454904E-4
8.973744393313848E-4
8.907220963823093E-4
8.983854667046876E-4
8.921421688904398E-4
8.912119174495807E-4
0.0010645307303365297
8.984727816833114E-4
8.897935818728604E-4
8.91417944359722E-4
9.579243578706949E-4
9.955667624675754E-4
9.77299369313255E-4
8.925702174383598E-4
9.571708594130027E-4
9.202371289194763E-4
8.988724623888663E-4
9.001185853755461E-4
9.015724158174071E-4
9.101048661226757E-4
0.0011314259503967688
9.212199738525883E-4
9.224513722601912E-4
9.021700612173794E-4
9.206982881573496E-4
9.204028286449788E-4
8.918549031090903E-4
8.999940983630105E-4
9.012911298730119E-4
9.728244741397314E-4
9.153906762544029E-4
9.253555454820003E-4
9.817405357162466E-4
8.979799021485794E-4
8.978984458265416E-4
8.967347956901389E-4
8.944263061524325E-4
9.247727883763812E-4
8.976053637133663E-4
0.0010639648274180166
9.146855629130281E-4
9.028006332835316E-4
9.644759820642185E-4
9.365529926199038E-4
8.981493245119952E-4
0.0012006397734385047
9.175102144922564E-4
9.033431783069689E-4
9.211416043613315E-4
8.923403836747123E-4
8.943173780362011E-4
8.934063779133219E-4
9.182806186087156E-4
8.910825273889533E-4
9.060550960425418E-4
9.149581603680412E-4
9.144437849024808E-4
9.037556210481865E-4
9.063253466881687E-4
8.941173215686151E-4
9.238995106222307E-4
8.922607560053408E-4
8.935043549317957E-4
9.322828940120656E-4
0.0010195056254320657
9.435788267343683E-4
9.222567456923404E-4
8.932372583037595E-4
8.920611324036126E-4
8.955623007618921E-4
9.596391536807E-4
9.01071826768508E-4
8.985618395951298E-4
8.909704384415578E-4
8.926029962516997E-4
9.577113375278108E-4
9.008299854873135E-4
9.053102932551645E-4
9.103165600146669E-4
9.467693642781419E-4
8.948920659125924E-4
9.0520777968626E-4
8.938118829665281E-4
9.488757444113818E-4
8.994494436613511E-4
9.307379573584966E-4
0.001146196588481832
9.31772305580409E-4
8.97492363080764E-4
8.972210663574654E-4
9.132043907914395E-4
8.944662959125996E-4
9.083450361790466E-4
8.944035864458492E-4
9.433082210354587E-4
0.0012758296631763628
9.642876924818115E-4
8.96796116269546E-4
8.922992255812099E-4
8.943961552710703E-4
8.922014181562895E-4
8.916468953155053E-4
8.908192938399763E-4
8.965208781313821E-4
8.907474113429695E-4
8.901072620515114E-4
8.933056834393838E-4
8.925476484241101E-4
9.123794281597378E-4
8.922447874937193E-4
8.964894889491445E-4
8.918773070003676E-4
8.961136920007123E-4
8.910972827780153E-4
8.914114004681394E-4
9.071129500445908E-4
8.929699016798445E-4
9.049874737043385E-4
8.974480066058005E-4
8.907173653930994E-4
9.610176113430896E-4
9.153757425324732E-4
9.480499101864112E-4
9.160808083882816E-4
9.759129564360062E-4
0.0011774475939045174
8.923568836137952E-4
8.93208034222353E-4
8.930942464786627E-4
9.037881090270885E-4
8.91607150965431E-4
9.085071465812563E-4
9.385195005123873E-4
9.86607789836847E-4
8.927299848836901E-4
9.021244344083557E-4
9.378634060341871E-4
9.179296544912043E-4
8.919947019297809E-4
9.31437906676892E-4
9.243174876191992E-4
8.911283572137595E-4
9.04228092874396E-4
8.90522034556793E-4
8.901156062842171E-4
8.915541804472978E-4
9.00715080746208E-4
8.930437632827556E-4
8.922180801819526E-4
0.003221710124549396
9.595817043180233E-4
8.971133175046333E-4
0.0016974417715117857
0.0029897163109754055
0.0011880983659331497
0.00207913611660516
0.0022979132847938057
9.067043171738692E-4
0.0024689910363182247
0.0015086141450505305
0.0011729288726837464
9.812108878370798E-4
0.0014615911523162151
0.001032703102619401
0.0015313228646178536
